#T(periodo)[ms] dT[ms](dividere per 2) Vin[mV] dVin[mV] Vout[V] dVout[V]
0.065	0.001	7.4	1.3	0.0784	0.002
0.099	0.001	7.5	1	0.188	0.003
0.080	0.001	7.7	1.5	0.121	0.002
0.182	0.002	8	1	0.588	0.004
0.148	0.002	7.7	1.6	1.04	0.01
0.118	0.001	7.5	1.2	0.344	0.004
0.158	0.002	7.5	1.5	1.28	0.01
0.152	0.002	7.4	1.4	1.27	0.01
0.200	0.002	7.5	1.4	0.266	0.004
0.300	0.004	7.2	1.3	0.142	0.004
0.392	0.004	7.5	1.2	0.101	0.003
0.528	0.004	7.4	1.3	0.066	0.002
1.80	0.02	27	2	0.066	0.002
20.6	0.2		190	2	0.042	0.004
0.150	0.002   14.6	2.2		2.22 0.03