#Numero(senza)	Vacc[V]	Icoil[A]
21	293.1	1.24
23	279.9	1.24
24	279.9	1.34
25	279.9	1.55
26	279.9	1.87
27	237.0	1.87
28	237	1.43
29	237	1.29
30	237	1.58
31	252.3	1.23
32	252.3	1.44
33	252.3	1.61
34	252.3	1.76
35	265.2	1.23
36	265.2	1.40
37	265.2	1.53
38	265.2	1.70
39	271.2	1.70
40	271.2	1.54
41	271.2	1.39
42	271.2	1.23
43	292.9	1.31
44	292.9	1.44
45	292.9	1.56
46	292.9	1.69
47	226	1.18
48	226	1.30
49	226	1.40
50	226	1.61
51	246	1.56
52	246	1.24
53	246	1.18
54	246.1	1.18	#Vheat=4
55	246.1	1.18	#vheat=5
56	246.1	1.18	#vheat=6
57	246.1	1.18	#vheat=7
58	246.1	1.18	#vheat=3
59	207	1.30
60	206.9	1.17
61	206.9	1.07
#62	righello	
63	265.2	1.47	#focus_min
64	265.2	1.47	#focus_max